X	Y	Z
455	506	16456
456	490	16442
444	508	16454
440	513	16463
443	501	16490
449	488	16496
453	497	16511
458	514	16514
463	504	16480
453	508	16478
442	515	16480
436	504	16482
447	497	16494
451	496	16484
436	496	16470
436	497	16465
434	484	16454
438	487	16443
431	508	16459
422	503	16488
437	509	16509
460	517	16501
446	511	16481
435	508	16463
451	498	16437
442	493	16446
446	490	16459
439	499	16477
429	506	16513
443	490	16504
436	496	16474
418	512	16478
428	508	16457
457	494	16439
461	493	16443
442	501	16458
438	504	16496
449	492	16501
452	491	16480
452	504	16474
460	503	16477
450	503	16473
436	506	16475
429	501	16473
420	502	16481
432	497	16484
446	496	16472
448	507	16462
448	509	16484
459	512	16490
442	509	16477
416	497	16492
448	502	16492
468	512	16477
441	511	16459
436	495	16447
442	495	16459
432	508	16469
432	499	16486
429	498	16499
424	497	16497
447	501	16492
454	509	16484
441	503	16497
439	493	16490
445	486	16490
448	492	16503
437	498	16487
440	488	16474
441	496	16485
431	513	16496
445	508	16488
431	502	16491
419	499	16478
429	500	16458
430	500	16485
438	500	16485
444	506	16463
457	504	16462
458	504	16454
444	506	16464
446	503	16499
462	499	16509
457	516	16498
444	522	16489
443	510	16473
433	503	16485
437	494	16493
429	494	16464
438	499	16467
445	495	16484
436	491	16485
445	501	16490
442	501	16484
438	499	16479
455	499	16481
467	494	16477
465	495	16465
451	490	16470
431	498	16480
435	510	16479
437	500	16482
453	507	16488
464	519	16486
442	523	16468
436	519	16478
449	512	16476
446	513	16466
440	517	16471
440	514	16453
450	502	16471
460	494	16498
441	497	16509
434	501	16516
444	505	16498
435	495	16477
424	481	16472
424	488	16469
442	503	16459
451	521	16470
440	514	16482
441	506	16503
443	519	16510
438	514	16496
433	501	16479
438	494	16459
446	491	16473
444	501	16478
445	489	16485
447	490	16501
446	517	16482
442	511	16461
435	498	16459
428	488	16476
427	491	16479
434	493	16458
434	496	16468
434	520	16502
427	524	16491
432	509	16466
441	494	16472
445	493	16491
445	494	16477
428	477	16482
426	487	16479
445	506	16453
449	501	16457
433	501	16459
431	500	16482
445	508	16494
443	509	16493
435	488	16490
441	487	16483
435	504	16475
432	507	16468
435	500	16482
429	499	16491
440	502	16495
446	502	16487
437	505	16473
428	504	16475
432	497	16466
447	499	16464
442	500	16470
438	511	16478
448	518	16496
445	506	16488
445	497	16480
456	496	16483
439	503	16476
426	504	16479
434	493	16483
430	483	16496
428	496	16499
444	502	16486
433	496	16481
413	493	16477
427	497	16470
442	504	16469
438	505	16474
436	500	16461
434	478	16463
430	488	16471
428	506	16469
435	506	16483
442	498	16486
439	505	16475
436	515	16471
436	502	16473
439	493	16475
450	496	16469
447	494	16470
429	482	16478
430	493	16493
438	499	16494
441	486	16471
436	484	16472
441	488	16492
455	488	16488
438	498	16486
435	498	16504
447	499	16515
446	504	16506
458	492	16481
455	495	16469
440	509	16480
422	511	16486
423	503	16500
443	490	16500
443	489	16485
427	485	16480
429	490	16473
433	499	16479
435	503	16483
421	495	16478
423	496	16489
447	500	16505
456	495	16482
453	514	16450
446	532	16443
448	530	16463
442	518	16479
430	509	16488
420	508	16486
435	501	16481
445	492	16486
439	487	16469
440	490	16465
425	504	16485
414	492	16494
411	499	16475
422	515	16464
424	496	16471
420	498	16459
436	510	16454
444	499	16465
440	498	16462
453	499	16473
468	489	16488
451	489	16487
435	496	16478
452	496	16467
467	495	16479
456	498	16488
449	496	16478
445	507	16467
440	501	16473
448	501	16489
456	510	16505
436	495	16496
421	496	16483
433	517	16483
428	517	16480
418	520	16477
432	512	16484
443	495	16487
439	493	16482
441	485	16482
445	481	16490
452	487	16483
461	497	16463
462	492	16482
448	491	16495
454	499	16496
457	484	16483
450	496	16462
444	513	16467
437	509	16467
445	516	16462
449	522	16469
443	513	16474
437	490	16475
439	486	16486
435	490	16497
439	496	16491
443	510	16477
438	510	16463
439	509	16454
440	509	16445
453	504	16463
451	501	16490
438	503	16485
448	507	16476
444	504	16474
440	514	16480
444	513	16470
443	496	16473
448	495	16491
449	505	16476
446	509	16470
451	510	16465
448	507	16459
444	491	16480
444	486	16495
439	489	16496
437	494	16490
446	501	16485
447	507	16457
432	511	16446
423	510	16474
428	499	16491
436	496	16504
436	502	16508
430	509	16490
431	499	16470
437	482	16471
437	486	16479
439	484	16494
432	493	16485
429	513	16468
443	505	16467
433	483	16472
435	488	16483
452	507	16480
445	514	16478
444	511	16486
441	514	16464
429	514	16450
440	501	16473
461	500	16475
451	499	16478
435	494	16487
446	510	16484
459	511	16482
462	500	16483
440	502	16482
426	491	16475
426	487	16468
439	501	16469
461	500	16467
444	483	16469
442	494	16467
464	516	16466
442	510	16497
430	504	16503
443	505	16493
446	511	16496
454	520	16498
446	516	16488
441	514	16482
444	505	16497
437	492	16482
439	495	16462
446	507	16476
433	514	16478
438	505	16478
455	506	16492
453	492	16489
461	472	16479
460	492	16478
437	515	16474
430	508	16464
441	493	16466
444	487	16474
440	502	16479
439	506	16474
428	494	16470
435	500	16468
449	504	16478
448	505	16472
448	506	16462
428	499	16476
436	512	16497
455	513	16497
437	501	16473
417	505	16473
416	503	16473
425	493	16482
445	497	16492
452	514	16484
445	516	16492
440	501	16481
435	496	16471
436	509	16474
445	500	16470
451	494	16492
439	488	16493
438	486	16471
446	506	16468
433	508	16479
421	513	16481
419	506	16479
428	492	16480
439	503	16479
436	511	16482
436	499	16480
436	495	16462
440	496	16459
449	511	16476
445	513	16485
438	508	16487
444	520	16469
443	516	16462
448	507	16478
448	511	16476
434	503	16475
439	482	16476
432	486	16460
436	497	16470
439	494	16495
429	500	16491
436	502	16485
442	495	16471
458	491	16456
458	495	16457
437	493	16471
450	490	16478
463	498	16487
447	503	16478
442	505	16460
442	507	16477
442	518	16479
442	529	16474
437	519	16473
430	500	16461
437	511	16471
438	513	16507
433	508	16501
434	509	16483
426	505	16482
438	505	16476
449	483	16485
443	476	16480
445	483	16457
439	497	16468
432	509	16471
442	497	16455
452	494	16466
467	500	16493
477	504	16505
466	497	16494
447	494	16489
443	502	16484
438	503	16461
435	497	16445
448	489	16458
452	494	16471
441	509	16482
440	518	16494
443	513	16485
438	499	16477
433	487	16482
434	493	16477
447	505	16466
449	505	16477
448	505	16488
455	499	16474
451	498	16467
447	496	16465
452	497	16467
447	509	16462
448	519	16469
449	516	16498
438	502	16511
433	495	16501
432	498	16474
441	508	16448
443	510	16453
425	513	16469
429	506	16475
447	492	16487
442	495	16496
436	500	16493
440	493	16498
447	496	16494
440	514	16476
430	509	16460
436	494	16454
443	507	16474
433	512	16488
422	515	16484
434	517	16486
446	473	16527
450	490	16564
457	538	16500
413	499	16409
387	504	16372
416	525	16412
419	491	16495
438	489	16532
438	496	16546
438	498	16555
457	501	16508
441	506	16449
428	525	16432
432	510	16451
434	500	16481
437	518	16505
434	519	16519
432	512	16505
434	509	16481
441	498	16472
448	477	16477
430	495	16482
412	511	16494
427	486	16498
438	489	16490
436	510	16472
447	517	16445
452	513	16451
441	507	16467
427	505	16474
419	495	16480
422	496	16484
438	504	16514
451	500	16528
447	486	16513
458	477	16506
468	481	16478
441	490	16468
433	492	16469
444	510	16412
448	505	16413
435	474	16498
456	503	16531
471	507	16566
444	488	16544
433	509	16455
413	510	16417
424	509	16402
439	514	16409
423	508	16433
439	506	16472
454	499	16509
463	497	16513
468	493	16482
452	498	16472
453	497	16477
459	497	16483
438	509	16488
413	500	16482
435	513	16477
463	522	16469
450	509	16470
436	492	16462
444	488	16439
445	490	16422
441	488	16441
437	498	16494
438	510	16543
439	523	16534
428	514	16506
437	502	16478
444	497	16433
435	493	16417
427	495	16444
428	496	16489
446	492	16509
459	499	16504
440	517	16481
426	513	16475
440	498	16472
435	503	16470
431	502	16478
441	478	16485
432	483	16486
429	506	16482
430	515	16486
448	525	16487
455	516	16489
431	504	16480
422	478	16498
427	455	16511
426	465	16477
428	480	16445
433	505	16465
435	523	16487
461	516	16492
467	506	16499
451	501	16489
448	494	16484
434	478	16491
432	472	16492
436	486	16467
429	491	16451
426	498	16472
422	514	16489
426	518	16484
431	509	16484
433	492	16489
431	491	16497
433	499	16500
424	490	16489
425	494	16476
436	507	16488
457	512	16507
466	502	16490
447	521	16478
444	526	16486
428	499	16471
432	489	16451
459	488	16467
467	491	16502
438	496	16514
438	505	16500
450	515	16485
453	506	16468
455	497	16476
440	502	16484
435	490	16466
441	474	16469
452	475	16487
445	488	16496
443	485	16498
438	495	16493
433	502	16472
437	498	16456
441	494	16445
441	490	16436
445	493	16451
444	488	16466
443	485	16505
439	492	16521
443	495	16493
450	489	16480
452	510	16472
446	518	16470
439	495	16475
441	497	16495
436	490	16521
428	493	16520
427	497	16471
427	475	16429
417	481	16445
431	487	16458
457	489	16457
450	505	16478
435	504	16497
443	500	16483
454	505	16461
458	493	16438
442	489	16445
421	502	16473
429	498	16473
444	502	16486
442	503	16492
445	496	16483
450	503	16485
443	512	16470
442	512	16457
445	507	16478
446	497	16490
452	484	16465
452	471	16457
447	467	16468
446	479	16473
439	495	16490
431	505	16515
431	517	16498
448	519	16459
458	510	16440
453	488	16426
433	487	16428
424	500	16429
432	499	16471
430	505	16530
429	508	16532
438	510	16503
456	508	16479
454	496	16474
454	486	16471
455	482	16452
446	489	16462
444	505	16467
434	514	16454
428	512	16479
449	514	16497
457	526	16495
440	515	16506
430	503	16490
443	496	16467
448	485	16454
429	493	16450
413	500	16463
433	503	16475
444	495	16494
439	496	16496
441	510	16478
433	506	16467
421	492	16478
422	487	16473
441	490	16457
445	489	16463
442	494	16486
434	504	16507
439	509	16498
433	502	16482
428	486	16481
442	488	16483
449	491	16468
450	486	16465
453	486	16487
459	490	16489
457	508	16472
454	508	16467
448	504	16479
440	511	16497
442	510	16496
446	500	16486
439	495	16475
435	496	16474
430	494	16490
423	501	16498
424	495	16495
443	487	16475
458	502	16461
453	509	16468
439	508	16488
431	506	16494
435	505	16485
442	512	16482
443	517	16485
447	505	16495
448	485	16485
444	486	16466
444	500	16477
443	505	16483
435	500	16493
431	496	16486
433	503	16466
437	515	16469
438	511	16468
433	499	16469
432	498	16496
436	502	16516
442	499	16506
455	498	16489
468	482	16469
451	479	16458
429	490	16471
427	498	16480
429	498	16480
421	490	16487
413	497	16477
419	502	16466
438	502	16464
454	500	16472
456	507	16480
442	516	16479
445	503	16488
451	499	16498
451	509	16490
459	500	16481
448	498	16483
445	498	16467
441	494	16472
434	492	16500
423	488	16492
424	490	16471
437	503	16467
439	501	16481
434	488	16483
432	492	16458
436	501	16467
434	495	16485
441	493	16485
446	491	16484
438	493	16487
427	497	16481
428	500	16469
430	494	16477
415	492	16485
421	512	16488
448	512	16484
445	503	16481
433	497	16468
435	493	16469
437	495	16472
447	499	16466
448	496	16474
443	488	16477
452	484	16483
454	488	16473
451	483	16466
448	497	16466
444	507	16481
428	503	16501
427	505	16500
443	503	16494
443	511	16486
436	510	16482
427	505	16485
431	501	16485
437	504	16485
431	506	16494
433	493	16499
443	491	16479
436	495	16470
421	488	16482
422	485	16483
449	491	16481
456	492	16491
442	493	16503
453	496	16481
443	505	16464
425	513	16472
427	502	16471
432	504	16474
432	507	16471
428	492	16471
423	484	16486
424	480	16476
449	494	16457
446	506	16461
429	501	16471
438	495	16506
440	489	16502
438	496	16474
453	499	16471
452	509	16462
443	510	16446
428	494	16439
419	478	16456
424	484	16475
420	515	16483
443	523	16476
455	507	16471
445	493	16479
431	492	16483
423	496	16476
426	499	16469
428	496	16475
433	493	16486
438	493	16482
440	505	16455
434	497	16454
444	490	16481
452	505	16495
436	505	16495
423	499	16478
426	486	16481
429	486	16495
429	498	16491
433	499	16472
456	507	16469
456	500	16482
435	490	16482
433	503	16485
430	497	16474
436	506	16467
445	508	16464
437	495	16463
422	493	16497
434	500	16486
443	507	16458
447	505	16483
452	499	16490
436	494	16475
434	495	16475
435	503	16467
437	514	16475
443	506	16485
432	494	16479
447	495	16480
457	505	16469
457	506	16470
455	500	16486
451	504	16542
432	500	16508
424	514	16418
428	495	16412
419	484	16393
425	518	16449
428	492	16551
443	484	16588
444	492	16571
431	475	16518
444	483	16461
443	499	16417
420	497	16425
403	510	16459
403	505	16476
427	491	16496
437	490	16506
444	492	16505
453	500	16512
442	495	16499
433	496	16476
439	494	16480
441	492	16491
438	502	16484
435	515	16464
434	513	16457
438	503	16462
448	493	16468
452	473	16494
467	480	16509
472	493	16492
458	493	16476
448	508	16463
437	525	16410
445	511	16434
438	481	16520
445	510	16507
444	524	16546
420	492	16534
437	492	16445
443	489	16429
445	494	16427
444	510	16449
432	503	16479
447	520	16501
454	521	16510
434	491	16500
443	493	16486
437	495	16472
431	486	16472
434	485	16462
424	490	16459
435	501	16495
446	502	16489
444	498	16478
433	487	16486
424	482	16476
433	498	16469
454	506	16467
442	507	16471
430	509	16486
430	498	16493
433	487	16477
444	489	16468
435	497	16463
436	501	16474
442	507	16492
436	510	16496
437	503	16497
452	513	16483
452	515	16472
442	494	16466
460	492	16452
472	494	16448
450	498	16464
444	493	16468
446	490	16470
434	512	16490
440	514	16486
455	500	16469
457	494	16449
450	492	16444
438	493	16457
428	485	16469
419	495	16490
416	504	16513
425	500	16516
419	503	16506
431	506	16493
449	504	16485
435	499	16480
441	501	16481
456	487	16469
441	481	16455
444	498	16460
441	497	16463
421	498	16484
423	498	16501
428	495	16496
429	503	16483
420	498	16484
419	502	16481
438	513	16475
449	503	16489
439	495	16480
425	499	16464
440	506	16466
447	504	16476
446	492	16481
455	487	16476
451	504	16483
430	513	16486
430	493	16467
453	480	16463
455	493	16478
452	501	16474
448	499	16465
445	509	16459
446	519	16466
450	510	16478
448	493	16479
438	478	16466
440	486	16455
450	485	16467
450	477	16486
433	488	16494
426	495	16478
437	499	16477
443	493	16480
446	488	16475
444	488	16479
437	484	16476
432	499	16469
437	508	16476
447	510	16493
438	500	16495
439	486	16469
453	513	16462
461	522	16464
447	492	16446
421	476	16455
428	488	16483
437	505	16490
436	509	16484
442	500	16482
426	493	16473
416	504	16471
425	501	16472
440	483	16486
450	489	16503
447	501	16494
448	504	16473
445	506	16464
429	510	16461
421	510	16463
427	507	16470
426	495	16473
421	493	16480
434	496	16489
443	486	16482
436	487	16469
437	509	16465
445	520	16469
454	499	16479
453	499	16489
440	505	16487
445	502	16474
453	513	16476
442	507	16491
440	497	16474
428	492	16452
413	496	16456
413	514	16466
415	506	16482
417	493	16493
407	498	16497
418	497	16503
430	490	16497
421	487	16487
430	486	16489
435	497	16480
430	512	16461
418	510	16451
414	507	16455
427	514	16475
429	509	16494
437	492	16491
445	499	16482
439	504	16485
439	501	16480
442	501	16481
437	506	16493
428	507	16489
426	495	16485
443	499	16499
462	503	16510
457	500	16505
454	501	16495
444	502	16468
431	498	16457
435	502	16455
430	503	16456
427	492	16456
437	494	16455
423	501	16478
421	504	16494
432	511	16494
420	493	16492
428	494	16485
445	516	16492
431	517	16487
410	514	16476
413	511	16476
429	507	16478
436	501	16492
441	499	16484
450	503	16482
446	492	16482
427	495	16482
420	503	16483
439	498	16473
457	502	16467
457	496	16468
448	497	16477
441	505	16480
435	502	16470
442	491	16463
435	492	16473
436	509	16475
450	510	16466
438	490	16478
429	484	16500
436	494	16500
432	505	16486
431	494	16478
432	488	16468
426	500	16459
433	505	16463
442	501	16478
446	483	16489
440	486	16469
441	503	16456
442	499	16469
447	486	16479
457	504	16473
448	511	16473
437	504	16483
439	501	16475
446	499	16476
449	506	16484
452	500	16475
447	496	16461
425	508	16465
419	520	16488
431	506	16503
423	498	16487
423	499	16482
439	490	16495
444	497	16486
432	498	16491
443	502	16492
452	511	16479
438	502	16470
436	500	16460
438	506	16460
443	492	16463
437	486	16453
439	498	16461
438	503	16488
441	493	16491
440	492	16487
430	504	16482
444	504	16471
459	498	16471
457	497	16467
449	504	16471
444	509	16490
443	502	16499
439	498	16486
439	498	16474
438	500	16463
423	501	16464
422	504	16479
439	495	16472
444	499	16454
437	507	16451
435	503	16453
437	507	16463
447	500	16476
455	502	16464
450	503	16457
427	496	16473
424	491	16493
437	500	16508
431	505	16494
426	497	16463
423	493	16464
422	485	16459
431	483	16444
437	491	16474
443	501	16508
452	503	16500
452	499	16479
448	501	16475
462	499	16471
464	496	16459
441	497	16457
433	492	16465
449	496	16480
458	497	16489
452	503	16502
460	509	16521
459	497	16516
456	488	16498
462	484	16480
452	487	16470
447	494	16470
423	500	16483
402	490	16496
417	496	16495
451	502	16487
456	501	16472
435	520	16455
432	500	16455
435	474	16469
435	482	16474
436	494	16483
436	493	16480
442	485	16473
466	485	16466
458	488	16462
435	485	16484
443	489	16511
451	494	16498
443	499	16478
438	502	16486
440	502	16481
443	511	16462
445	502	16460
436	484	16467
425	476	16466
428	480	16459
427	498	16471
424	501	16493
447	494	16486
474	494	16457
465	490	16447
449	483	16467
440	481	16485
423	484	16507
407	489	16512
410	493	16503
435	500	16494
450	509	16484
446	502	16489
452	495	16485
441	495	16481
421	506	16478
443	522	16456
444	505	16443
432	499	16452
428	514	16474
414	494	16484
413	481	16477
429	500	16476
443	507	16480
447	501	16479
446	508	16480
444	511	16477
429	498	16479
421	491	16481
435	504	16482
448	510	16493
456	504	16502
463	506	16489
450	507	16478
438	507	16473
442	495	16452
436	484	16456
437	496	16481
443	491	16502
438	490	16515
435	501	16515
443	501	16509
452	500	16490
455	502	16480
443	503	16494
453	506	16498
454	495	16480
441	484	16465
436	496	16462
426	502	16465
429	503	16478
425	514	16484
419	508	16469
425	501	16458
416	494	16457
436	491	16470
446	495	16483
427	496	16488
441	499	16506
464	493	16511
452	502	16486
435	515	16468
425	505	16468
434	500	16466
438	498	16454
429	500	16446
456	494	16458
440	487	16478
423	491	16491
444	493	16489
454	494	16494
452	504	16487
442	509	16464
442	502	16463
447	507	16456
447	505	16448
451	502	16461
452	498	16481
442	491	16490
423	491	16484
419	495	16489
449	494	16491
468	499	16471
462	489	16476
448	471	16499
446	478	16489
448	489	16476
449	502	16470
446	512	16461
428	510	16455
434	507	16453
458	488	16466
459	483	16475
443	495	16477
448	495	16482
453	512	16486
433	513	16473
423	499	16449
432	504	16444
438	503	16464
447	495	16491
457	489	16500
441	499	16510
445	508	16507
463	499	16485
446	485	16464
434	482	16439
432	479	16441
426	490	16447
427	510	16455
437	494	16477
449	484	16493
444	486	16501
442	481	16517
457	500	16527
461	504	16515
451	488	16511
437	488	16492
436	496	16478
426	503	16459
417	502	16436
425	496	16455
427	490	16478
431	496	16501
434	491	16520
431	490	16520
432	485	16504
421	472	16480
422	485	16458
433	498	16437
421	496	16461
425	496	16498
427	499	16498
431	493	16513
445	484	16527
441	480	16522
435	487	16497
442	497	16470
455	512	16443
446	511	16435
440	500	16458
449	501	16463
427	508	16461
420	503	16472
424	499	16484
419	512	16480
419	505	16474
426	508	16474
438	497	16478
427	474	16470
419	491	16464
424	510	16478
426	497	16484
427	497	16475
440	514	16479
451	510	16492
428	505	16479
418	499	16455
446	497	16460
449	498	16484
428	489	16495
425	490	16488
443	489	16482
435	493	16486
426	500	16489
438	487	16479
436	483	16480
431	496	16490
435	493	16476
427	488	16475
432	499	16469
443	495	16465
445	485	16467
433	492	16467
421	494	16480
440	485	16476
449	478	16494
454	484	16493
456	489	16475
447	485	16478
458	488	16462
463	488	16467
447	494	16485
435	505	16483
438	511	16484
443	504	16501
437	498	16510
440	501	16500
437	493	16491
432	491	16472
444	496	16451
436	492	16438
421	493	16448
420	505	16457
422	493	16454
439	488	16471
437	499	16495
434	506	16500
440	492	16482
426	472	16482
427	477	16493
439	490	16482
435	492	16484
431	495	16502
440	497	16497
455	503	16502
448	506	16498
434	485	16490
440	491	16508
445	497	16515
440	492	16514
447	501	16501
450	497	16483
427	481	16480
417	475	16467
434	498	16456
439	516	16486
446	504	16485
454	491	16460
446	481	16460
448	489	16456
437	495	16469
431	492	16475
427	502	16461
436	511	16471
460	500	16472
452	497	16474
427	499	16494
411	477	16476
429	485	16454
439	509	16464
433	506	16480
434	502	16479
423	502	16489
423	491	16499
441	494	16490
441	499	16485
426	505	16480
431	513	16475
441	510	16478
433	499	16496
427	489	16513
433	494	16501
432	502	16479
430	494	16491
431	484	16496
434	494	16485
450	495	16482
450	492	16473
437	506	16460
436	508	16458
436	497	16463
445	496	16476
433	486	16485
413	484	16485
426	502	16475
429	517	16453
419	506	16447
422	505	16457
421	518	16466
426	506	16483
448	494	16490
453	493	16489
447	497	16480
439	500	16480
415	501	16500
421	502	16502
445	502	16507
442	504	16524
438	496	16506
448	496	16472
447	499	16465
444	481	16477
447	479	16480
444	492	16489
434	494	16491
423	496	16482
422	503	16476
431	504	16476
441	498	16483
441	497	16473
433	507	16471
429	492	16493
442	484	16499
446	498	16495
444	497	16492
429	487	16476
427	481	16470
452	491	16465
446	504	16454
431	514	16446
427	518	16462
420	518	16477
426	501	16490
422	484	16484
415	490	16476
422	486	16494
415	474	16499
429	476	16495
456	491	16493
452	502	16490
451	495	16480
450	489	16459
436	482	16456
444	482	16463
445	495	16471
426	499	16494
404	495	16508
409	492	16506
426	497	16495
420	505	16495
421	509	16468
433	508	16439
446	498	16471
456	489	16507
447	497	16504
432	502	16506
426	505	16495
427	497	16469
420	479	16468
420	479	16453
428	485	16452
436	488	16471
429	496	16472
420	512	16458
435	514	16451
437	504	16469
429	499	16480
439	499	16478
445	500	16496
451	500	16501
458	506	16496
461	503	16494
457	502	16489
436	503	16476
425	483	16464
418	489	16457
417	501	16461
422	493	16476
422	498	16471
428	499	16475
426	502	16488
441	486	16493
461	483	16489
452	490	16484
447	487	16488
446	492	16502
444	494	16497
451	504	16483
439	514	16476
429	519	16476
434	506	16480
426	493	16487
423	486	16506
420	481	16500
426	485	16470
455	482	16465
449	494	16458
428	512	16448
422	511	16464
426	502	16492
432	490	16504
428	478	16492
439	474	16486
432	479	16484
431	478	16473
431	487	16458
409	513	16458
417	498	16472
432	477	16483
437	481	16495
432	467	16502
411	460	16502
410	488	16492
421	500	16491
420	494	16481
423	495	16464
426	499	16462
434	501	16470
451	497	16471
450	502	16468
432	495	16469
414	489	16470
408	498	16485
418	491	16467
434	490	16461
434	485	16477
433	473	16465
440	479	16454
448	488	16466
454	503	16486
448	503	16493
444	496	16488
455	513	16496
448	510	16503
450	510	16491
447	507	16473
435	499	16462
457	505	16468
452	492	16471
427	481	16465
435	474	16482
439	484	16505
422	497	16493
424	499	16473
435	495	16480
440	495	16471
444	500	16447
438	499	16466
432	500	16489
431	492	16496
444	485	16492
435	499	16475
426	512	16478
425	500	16473
417	486	16465
438	507	16478
452	506	16488
443	487	16481
422	487	16481
419	487	16473
429	500	16460
438	513	16460
419	502	16467
416	497	16484
444	501	16481
452	496	16466
441	496	16475
431	488	16480
438	487	16479
444	491	16474
438	493	16476
433	499	16494
427	509	16498
437	502	16491
459	478	16491
457	478	16507
437	498	16518
435	505	16503
441	495	16479
434	501	16471
436	509	16479
446	490	16492
440	479	16504
431	501	16497
434	513	16480
431	502	16485
436	490	16487
443	491	16465
431	488	16463
442	493	16479
439	492	16479
416	480	16479
437	480	16474
438	479	16477
419	477	16490
435	494	16484
445	501	16458
447	488	16443
438	488	16447
431	509	16458
435	516	16474
434	500	16484
432	496	16484
435	502	16477
437	489	16475
425	483	16467
412	494	16457
409	501	16470
424	507	16492
438	506	16504
446	500	16507
451	499	16492
454	503	16469
445	495	16455
437	497	16442
433	492	16456
439	476	16481
440	483	16490
440	484	16489
445	487	16473
433	486	16469
436	471	16466
438	475	16479
429	488	16503
442	499	16510
445	487	16522
429	482	16518
434	484	16498
441	473	16483
443	468	16483
448	477	16492
451	485	16494
441	493	16478
432	505	16465
427	498	16477
431	499	16485
435	514	16486
427	506	16478
428	494	16479
448	487	16482
466	486	16482
443	492	16476
432	481	16458
449	481	16467
445	496	16477
419	489	16469
418	491	16468
440	500	16488
458	490	16490
455	495	16479
434	498	16487
433	490	16481
440	494	16464
452	502	16468
469	499	16473
459	495	16466
428	492	16465
424	498	16467
447	501	16482
465	502	16491
441	500	16482
424	487	16475
447	479	16482
450	482	16485
452	478	16475
451	481	16461
441	488	16461
440	500	16468
429	510	16480
413	500	16503
415	491	16503
433	505	16494
443	510	16477
438	500	16446
420	500	16434
422	498	16439
428	500	16450
417	495	16482
432	496	16504
455	501	16517
453	497	16518
448	492	16496
457	490	16477
440	497	16454
413	498	16443
425	486	16464
443	489	16492
424	504	16502
426	506	16500
444	488	16494
441	486	16480
435	494	16475
449	487	16490
467	485	16502
458	498	16494
444	505	16483
434	500	16466
448	499	16449
451	493	16447
449	486	16459
446	482	16467
430	477	16472
440	489	16482
455	506	16479
448	497	16472
441	496	16469
441	507	16463
440	500	16467
435	483	16463
430	471	16459
436	479	16476
433	490	16480
435	494	16483
440	500	16482
439	496	16499
436	495	16518
436	486	16494
451	481	16471
438	487	16459
415	489	16448
431	500	16452
444	515	16475
456	508	16483
460	489	16483
448	484	16491
448	489	16484
453	497	16489
451	496	16485
438	498	16466
432	503	16462
433	503	16461
433	494	16464
443	498	16483
447	505	16513
433	495	16496
440	486	16467
442	480	16466
437	476	16475
448	480	16482
441	476	16476
430	485	16494
437	500	16489
436	496	16473
427	499	16481
432	498	16481
424	497	16477
423	495	16482
427	491	16494
426	496	16483
437	494	16463
436	485	16460
416	486	16467
410	493	16471
425	499	16479
440	505	16478
428	508	16466
422	502	16468
439	491	16466
453	488	16461
451	496	16456
444	506	16457
438	508	16472
433	508	16492
438	504	16498
427	500	16479
429	494	16461
444	491	16455
451	500	16450
451	502	16458
442	498	16480
447	505	16493
446	520	16490
425	512	16485
434	482	16485
432	494	16489
421	505	16494
440	493	16489
453	505	16469
443	502	16462
442	488	16458
444	490	16451
453	502	16469
472	503	16490
453	506	16503
437	511	16509
437	509	16504
437	508	16494
433	499	16480
426	496	16466
449	507	16457
461	507	16455
436	493	16477
433	482	16479
440	494	16483
444	498	16508
446	489	16500
441	485	16487
448	487	16493
438	502	16479
418	514	16455
424	499	16453
431	476	16453
436	481	16459
438	481	16481
429	473	16491
440	480	16469
456	490	16454
448	494	16458
442	503	16462
442	511	16471
437	504	16475
427	491	16476
434	478	16483
444	477	16478
438	484	16484
432	492	16476
442	489	16461
453	500	16475
441	513	16482
439	510	16455
436	516	16456
440	502	16479
453	481	16484
431	484	16493
437	488	16482
461	477	16477
450	484	16495
434	496	16500
433	504	16484
448	505	16482
454	488	16485
450	485	16479
449	482	16474
440	485	16454
434	495	16446
436	490	16452
430	490	16466
433	495	16499
457	496	16512
456	500	16498
437	507	16491
435	511	16481
432	497	16460
432	494	16462
438	494	16466
435	492	16471
433	503	16483
434	499	16497
429	495	16514
431	502	16519
439	505	16492
454	500	16478
463	492	16473
451	499	16471
433	493	16484
422	488	16480
431	501	16493
431	499	16492
433	501	16475
431	485	16486
440	479	16487
454	492	16476
443	492	16483
433	491	16479
420	492	16463
424	496	16461
432	501	16478
433	500	16475
432	498	16467
424	499	16477
432	493	16474
442	492	16462
444	490	16449
426	502	16448
403	504	16453
426	491	16461
436	481	16479
430	474	16501
446	489	16515
434	489	16512
419	468	16503
434	476	16493
438	494	16477
436	489	16468
436	506	16471
420	506	16473
419	494	16464
442	494	16474
441	493	16492
425	501	16497
431	514	16496
437	518	16479
424	506	16457
430	507	16448
448	496	16446
441	490	16451
442	496	16460
448	494	16472
444	485	16475
440	481	16463
433	494	16470
436	489	16472
441	482	16468
435	491	16476
430	502	16486
439	493	16488
442	501	16476
439	504	16472
432	484	16466
421	485	16450
416	492	16449
424	497	16472
444	494	16490
454	510	16487
440	515	16480
444	502	16482
461	497	16489
453	490	16491
452	482	16482
452	482	16487
434	493	16487
424	504	16473
421	505	16478
417	491	16468
429	497	16464
441	505	16473
448	494	16466
449	494	16472
445	500	16486
437	493	16482
434	485	16477
414	492	16470
393	491	16453
404	480	16458
420	478	16477
431	490	16477
442	486	16474
451	479	16494
456	480	16502
451	480	16489
439	492	16476
430	506	16461
425	509	16457
422	491	16447
420	492	16439
430	500	16461
432	491	16471
426	479	16471
420	485	16507
439	500	16514
444	499	16471
431	506	16452
436	511	16441
427	515	16441
422	523	16442
421	519	16439
438	498	16474
451	479	16520
445	485	16552
450	494	16540
453	486	16523
444	483	16520
428	499	16475
421	498	16449
425	494	16458
417	501	16468
423	495	16480
424	482	16478
419	480	16492
441	489	16502
450	494	16495
442	503	16478
454	504	16458
448	503	16470
430	503	16470
430	495	16460
434	487	16476
448	485	16480
444	496	16473
431	498	16475
439	502	16472
445	508	16461
447	506	16449
452	512	16453
434	498	16474
428	479	16483
431	488	16483
430	504	16486
432	501	16492
434	487	16494
439	488	16489
434	500	16490
432	491	16477
441	491	16472
441	490	16471
425	482	16459
420	472	16474
435	467	16491
433	476	16486
428	479	16488
443	498	16487
439	503	16483
428	501	16478
432	492	16461
427	486	16458
420	491	16457
419	494	16455
427	501	16467
430	490	16484
410	489	16500
417	499	16484
433	502	16465
431	500	16464
435	502	16463
428	493	16469
424	489	16450
423	491	16453
413	495	16478
425	496	16485
436	484	16490
436	497	16489
440	503	16482
458	502	16491
453	511	16480
428	502	16466
415	495	16467
423	495	16467
428	506	16481
417	510	16489
419	498	16481
425	491	16476
425	493	16475
429	500	16476
437	502	16477
449	485	16461
466	482	16470
457	496	16494
437	499	16500
444	498	16496
455	509	16493
447	494	16493
436	488	16476
425	501	16473
424	498	16479
431	496	16477
433	500	16476
438	498	16467
444	497	16470
445	494	16479
451	473	16476
443	475	16476
440	492	16502
437	484	16508
430	476	16486
437	498	16486
438	508	16467
443	512	16441
443	523	16450
420	511	16445
417	493	16458
431	491	16496
432	493	16513
448	503	16509
461	510	16496
461	513	16478
444	501	16452
419	482	16456
420	486	16469
428	491	16484
437	497	16492
433	511	16484
435	501	16493
439	489	16491
441	488	16492
443	483	16493
434	486	16487
435	498	16488
432	491	16449
440	478	16437
445	482	16452
444	484	16454
454	498	16472
458	505	16486
458	490	16505
442	473	16507
439	477	16489
439	487	16486
422	494	16480
428	507	16466
434	507	16457
439	501	16469
443	500	16478
437	495	16459
428	495	16464
418	499	16479
424	506	16477
425	504	16495
421	504	16495
435	506	16485
448	506	16491
443	492	16491
443	482	16492
436	481	16500
428	487	16503
427	491	16485
428	484	16472
432	492	16476
426	494	16480
432	490	16476
434	492	16482
427	499	16501
425	489	16490
426	489	16473
431	498	16468
444	493	16469
445	489	16474
437	486	16475
445	495	16485
451	514	16511
435	511	16508
423	504	16488
430	495	16493
426	474	16486
408	484	16463
423	501	16459
438	483	16480
426	474	16495
432	482	16479
432	488	16470
431	491	16483
441	482	16493
432	471	16491
436	479	16485
445	499	16474
444	500	16463
452	484	16475
450	494	16482
435	509	16472
442	508	16468
445	500	16474
439	489	16482
441	486	16475
436	478	16464
436	478	16466
448	482	16466
443	485	16472
425	504	16474
421	510	16471
435	501	16491
439	496	16501
433	502	16502
439	513	16482
443	519	16470
434	518	16475
425	500	16484
419	505	16486
413	512	16477
425	501	16476
431	498	16468
429	485	16469
438	483	16482
439	490	16477
437	488	16470
431	497	16491
433	503	16504
447	494	16501
439	484	16484
436	477	16480
440	485	16491
436	490	16490
440	498	16497
430	501	16492
422	500	16490
446	504	16480
462	492	16455
455	485	16464
439	491	16470
433	495	16475
437	489	16503
436	483	16509
426	490	16487
415	496	16478
421	487	16481
433	482	16480
424	474	16479
425	480	16456
430	484	16444
425	485	16476
436	501	16489
439	503	16476
422	494	16463
408	499	16464
430	487	16463
438	476	16451
423	497	16463
427	498	16477
426	489	16480
444	506	16477
459	507	16480
448	496	16506
436	500	16506
435	506	16478
446	506	16461
448	504	16451
446	496	16459
430	498	16476
427	498	16487
439	496	16492
450	506	16482
452	503	16475
438	489	16468
442	492	16462
441	500	16486
434	498	16499
437	492	16488
425	486	16486
426	500	16492
427	502	16484
412	480	16469
422	493	16468
439	503	16486
450	488	16510
450	485	16507
449	494	16487
444	491	16475
429	485	16461
430	485	16459
424	481	16469
418	493	16486
431	504	16482
429	511	16470
429	494	16461
448	472	16459
453	479	16476
438	488	16484
433	499	16474
435	501	16464
428	496	16479
438	504	16486
443	496	16483
444	489	16490
450	494	16497
458	490	16504
451	479	16503
437	476	16502
426	497	16519
426	500	16501
443	499	16464
432	502	16444
428	490	16438
423	498	16436
420	498	16465
435	496	16515
430	487	16523
433	484	16506
443	502	16479
442	502	16460
436	496	16457
442	491	16457
442	493	16451
451	493	16462
456	491	16481
442	490	16500
451	488	16502
461	498	16489
452	504	16482
428	501	16478
417	503	16485
416	498	16473
420	505	16467
421	487	16490
425	487	16493
442	503	16472
442	500	16466
437	513	16485
434	501	16485
433	499	16464
437	500	16469
430	484	16485
432	478	16483
456	490	16480
461	496	16481
445	489	16463
417	494	16451
405	510	16460
423	507	16468
428	486	16490
429	489	16500
449	499	16491
446	488	16489
428	486	16487
433	492	16469
437	507	16459
449	502	16471
451	496	16478
433	503	16476
421	485	16480
427	480	16472
433	493	16452
433	501	16455
432	496	16467
433	484	16474
450	490	16478
435	500	16478
423	491	16470
435	504	16456
442	511	16453
436	504	16457
428	487	16465
437	468	16477
434	488	16496
436	504	16502
445	499	16495
445	504	16499
444	509	16486
434	497	16483
429	488	16485
433	488	16482
438	494	16492
433	498	16495
438	501	16491
445	504	16491
441	501	16485
438	496	16462
433	487	16462
435	488	16470
437	499	16470
437	496	16481
438	503	16479
429	520	16473
431	512	16471
435	502	16480
424	491	16480
424	492	16469
429	489	16484
448	486	16511
450	502	16521
439	506	16507
446	498	16488
449	487	16469
435	493	16463
432	506	16474
439	498	16472
437	504	16473
440	518	16471
444	507	16476
437	492	16483
425	493	16469
426	507	16476
441	502	16481
448	491	16485
443	515	16480
429	518	16475
414	500	16462
416	510	16456
424	513	16479
436	495	16473
442	491	16468
434	496	16479
438	503	16483
447	496	16485
441	491	16495
442	495	16497
436	498	16485
428	500	16485
428	496	16482
427	500	16475
424	496	16480
435	494	16473
443	496	16481
442	495	16487
443	496	16476
426	492	16477
420	497	16476
427	516	16464
431	514	16472
433	490	16489
416	488	16519
416	487	16520
439	484	16484
434	488	16477
433	493	16460
452	498	16440
443	496	16450
421	498	16464
426	493	16482
428	492	16490
420	494	16473
415	493	16479
414	494	16477
422	492	16478
412	483	16485
409	484	16478
422	490	16483
431	483	16480
434	496	16476
426	502	16470
423	485	16474
432	479	16474
431	491	16469
434	494	16479
447	490	16485
444	489	16474
429	483	16471
418	486	16478
419	491	16466
428	486	16470
439	480	16478
426	484	16476
412	492	16475
436	515	16481
450	515	16491
448	506	16479
453	506	16471
440	493	16478
439	483	16476
443	477	16469
423	485	16483
406	488	16488
417	485	16476
429	488	16458
433	505	16463
445	503	16476
443	508	16458
439	511	16463
435	488	16464
427	487	16463
430	491	16478
444	495	16467
435	499	16457
412	499	16454
411	499	16471
422	489	16485
429	486	16487
436	489	16474
435	486	16466
429	493	16476
438	502	16459
439	500	16457
422	491	16479
421	503	16501
436	505	16505
444	492	16501
451	488	16489
450	481	16488
450	492	16483
457	500	16472
439	499	16479
429	505	16480
426	501	16478
419	485	16474
438	475	16466
451	489	16458
454	507	16469
452	496	16482
443	483	16486
435	478	16481
423	490	16467
433	506	16464
444	495	16468
443	488	16473
445	482	16478
431	482	16479
423	490	16485
438	484	16483
438	483	16472
432	498	16472
435	505	16482
425	502	16486
417	493	16479
430	490	16495
444	499	16497
438	489	16465
428	490	16468
454	502	16476
464	489	16472
445	499	16469
444	508	16463
452	507	16468
440	509	16465
422	498	16453
434	499	16473
446	493	16487
450	489	16478
444	495	16481
438	488	16484
432	498	16492
428	503	16496
429	496	16490
418	496	16472
420	485	16463
427	488	16480
412	499	16484
435	501	16478
452	496	16491
444	505	16485
460	510	16460
443	498	16454
427	491	16471
428	479	16488
426	485	16504
425	504	16504
419	503	16492
424	488	16490
431	481	16480
425	478	16463
441	482	16471
454	500	16484
448	500	16490
446	496	16504
442	504	16501
439	494	16485
434	488	16475
424	489	16472
423	498	16473
442	500	16477
438	473	16470
421	474	16447
433	492	16455
435	481	16480
420	492	16492
426	503	16487
431	496	16476
446	499	16475
446	497	16470
432	483	16457
435	475	16450
431	479	16457
431	488	16472
436	497	16485
428	500	16494
430	494	16487
425	486	16479
435	503	16465
460	502	16453
432	487	16454
424	485	16452
439	494	16456
441	496	16471
436	485	16485
429	486	16488
422	487	16496
420	486	16490
421	487	16473
418	493	16464
429	491	16473
434	487	16482
432	489	16475
440	492	16471
433	495	16485
433	505	16493
446	505	16486
443	490	16491
438	480	16497
433	486	16486
426	499	16474
442	507	16470
447	511	16468
427	499	16464
425	491	16473
418	495	16470
432	492	16464
437	483	16483
433	483	16490
438	494	16480
445	508	16487
445	499	16475
426	505	16460
428	526	16475
442	508	16484
425	497	16480
416	500	16474
421	493	16494
425	479	16504
444	478	16487
435	494	16470
426	500	16461
430	508	16463
428	498	16482
428	472	16497
439	494	16495
446	518	16498
443	497	16493
438	494	16470
446	505	16452
446	506	16467
444	500	16482
437	483	16469
417	495	16469
431	508	16492
446	492	16484
444	485	16469
454	497	16491
464	491	16512
454	491	16517
435	505	16509
430	502	16498
432	496	16483
421	484	16463
418	471	16450
424	465	16451
432	479	16465
448	494	16494
460	503	16507
446	509	16486
448	496	16483
445	491	16466
415	506	16440
418	500	16446
433	483	16469
433	477	16480
429	489	16463
436	492	16466
429	488	16495
431	498	16492
443	504	16489
432	516	16487
430	514	16474
441	495	16460
439	498	16459
428	493	16476
434	479	16486
437	490	16494
435	504	16494
437	501	16497
434	495	16479
441	494	16468
436	493	16473
422	494	16454
431	487	16440
437	488	16444
428	480	16458
450	468	16480
445	482	16505
438	483	16506
444	488	16497
428	504	16478
421	483	16462
419	481	16466
431	495	16468
435	496	16463
423	489	16452
424	505	16462
421	518	16481
432	504	16489
447	505	16491
449	501	16480
450	495	16474
442	482	16491
430	476	16480
427	499	16471
433	508	16490
428	497	16499
431	498	16485
451	499	16476
450	503	16488
453	508	16481
458	514	16473
437	496	16492
430	481	16499
446	494	16480
459	501	16474
451	502	16473
427	505	16469
434	497	16474
456	480	16475
451	478	16483
441	497	16494
437	505	16488
430	505	16488
430	511	16482
430	508	16461
420	503	16449
421	485	16459
439	480	16473
438	492	16481
419	483	16493
429	481	16469
442	491	16447
437	499	16465
431	495	16479
427	487	16466
416	493	16464
430	500	16478
443	497	16477
436	478	16472
424	493	16477
434	509	16492
453	512	16505
436	507	16491
430	489	16465
442	484	16469
442	487	16483
430	487	16469
434	489	16463
431	489	16461
423	480	16466
430	479	16488
446	483	16494
459	487	16482
453	495	16493
441	510	16491
451	514	16455
457	495	16457
453	489	16464
450	489	16477
444	496	16476
431	502	16464
428	482	16482
438	484	16494
440	494	16488
438	499	16485
441	500	16494
428	496	16495
420	488	16487
429	482	16478
422	491	16464
418	504	16469
427	499	16474
438	495	16471
443	503	16475
426	511	16474
429	512	16471
439	490	16464
416	480	16478
432	485	16504
451	483	16508
447	480	16496
444	486	16492
440	494	16479
440	494	16464
428	481	16461
414	478	16476
411	494	16489
434	498	16497
441	491	16503
432	490	16506
441	485	16486
439	496	16455
429	496	16454
428	488	16459
423	495	16459
427	498	16461
440	497	16476
435	495	16488
441	515	16497
450	522	16486
438	496	16461
439	486	16471
451	478	16482
451	483	16473
437	494	16478
436	493	16487
439	505	16482
427	518	16469
417	514	16468
420	490	16484
438	483	16492
448	484	16476
441	486	16456
432	486	16461
425	478	16483
424	482	16470
434	494	16449
429	509	16452
420	513	16463
423	511	16484
437	510	16502
439	491	16493
433	480	16470
444	493	16461
437	502	16470
426	509	16473
436	489	16468
450	479	16464
442	498	16470
428	501	16483
427	507	16500
425	502	16509
433	501	16499
443	499	16493
441	493	16482
440	506	16482
442	512	16473
446	499	16471
437	497	16487
432	506	16487
430	501	16487
435	497	16477
442	493	16478
442	486	16479
434	480	16471
428	484	16477
436	499	16487
440	492	16491
425	487	16490
431	495	16486
450	491	16484
436	492	16475
427	492	16457
434	489	16464
439	494	16478
447	504	16476
451	497	16470
437	486	16475
442	485	16487
445	495	16495
437	505	16492
422	511	16475
428	506	16465
443	497	16471
448	509	16480
450	505	16473
443	490	16477
444	486	16492
442	505	16482
442	518	16458
453	502	16453
444	509	16478
421	523	16490
422	513	16491
435	497	16482
430	486	16470
421	480	16462
430	484	16449
449	508	16459
458	509	16488
437	496	16488
436	507	16486
452	513	16480
441	510	16468
425	500	16472
423	494	16460
438	492	16457
454	485	16463
442	490	16478
432	498	16486
440	493	16481
439	498	16470
419	504	16466
429	504	16472
433	499	16464
416	482	16466
427	486	16452
433	498	16465
427	500	16489
427	505	16478
429	495	16486
415	486	16510
402	499	16511
419	508	16499
436	498	16493
436	484	16470
431	476	16457
433	486	16475
440	505	16482
449	515	16478
439	520	16477
420	499	16482
418	484	16492
416	490	16486
415	491	16475
416	505	16463
409	514	16452
426	506	16455
438	499	16463
423	488	16480
431	485	16505
426	480	16502
425	483	16489
455	500	16482
447	511	16466
440	508	16464
450	501	16470
433	504	16467
419	506	16471
409	495	16485
412	492	16499
421	502	16492
421	502	16492
435	493	16505
456	494	16504
464	498	16487
438	495	16454
422	491	16446
423	483	16459
424	489	16466
427	498	16483
423	508	16497
436	512	16483
425	503	16481
415	506	16475
428	497	16453
438	495	16446
437	509	16458
429	503	16469
427	485	16469
430	478	16487
434	484	16491
423	495	16487
424	512	16495
433	528	16491
445	509	16484
453	494	16486
440	492	16483
433	485	16480
431	490	16459
430	495	16449
434	491	16476
438	496	16486
446	498	16488
456	490	16494
460	493	16477
459	500	16462
448	500	16461
435	491	16469
426	483	16475
425	501	16466
429	515	16474
422	511	16479
429	513	16482
443	507	16482
429	499	16473
426	498	16460
440	504	16451
435	499	16468
432	486	16486
425	487	16479
419	507	16485
437	518	16495
435	506	16488
418	490	16484
427	482	16474
433	488	16475
434	514	16475
433	515	16481
420	501	16487
430	503	16472
443	496	16449
436	479	16453
441	479	16473
447	497	16481
448	505	16477
426	495	16468
406	496	16461
419	512	16460
423	507	16455
430	501	16458
446	498	16470
444	492	16498
437	492	16517
434	490	16497
424	494	16483
429	508	16471
430	511	16468
415	505	16476
421	508	16470
433	496	16472
433	495	16481
424	498	16475
433	498	16462
447	495	16468
450	485	16494
449	498	16489
429	505	16472
417	500	16474
436	490	16474
441	482	16467
419	486	16471
423	494	16471
434	500	16462
429	493	16454
433	487	16470
453	496	16497
457	500	16510
432	494	16506
423	501	16494
431	494	16499
430	486	16500
426	486	16485
428	499	16465
435	510	16460
443	494	16469
454	501	16478
452	507	16479
445	492	16486
446	484	16480
440	499	16473
438	503	16473
442	489	16481
430	483	16493
430	490	16485
437	509	16476
439	504	16480
442	487	16463
447	487	16442
434	501	16458
416	500	16465
431	494	16464
444	497	16474
434	500	16487
434	494	16489
434	503	16490
429	510	16490
433	495	16487
428	502	16476
426	509	16464
438	495	16463
428	499	16465
433	501	16499
448	497	16523
427	499	16498
422	496	16480
439	495	16466
429	489	16466
415	493	16471
415	493	16477
404	495	16490
417	509	16487
438	510	16485
432	504	16489
438	499	16489
441	489	16478
436	484	16470
434	491	16461
419	498	16455
418	495	16451
437	490	16454
448	496	16483
448	493	16483
439	488	16468
440	495	16468
445	501	16460
443	505	16455
450	494	16471
450	492	16482
433	500	16469
451	488	16474
451	488	16486
432	500	16483
446	504	16471
450	499	16475
442	494	16477
434	493	16480
429	495	16484
428	497	16490
439	493	16493
445	484	16481
440	483	16466
431	488	16452
428	502	16461
410	520	16478
403	524	16479
430	515	16495
451	505	16508
443	504	16506
440	480	16489
445	473	16455
449	497	16459
454	508	16477
447	508	16469
434	500	16481
429	506	16485
433	501	16477
440	480	16486
440	496	16484
431	497	16481
428	492	16481
419	514	16482
426	504	16485
439	486	16480
434	488	16477
444	486	16479
450	487	16474
444	490	16476
449	481	16476
431	488	16474
427	491	16464
446	482	16458
448	470	16466
457	479	16460
444	509	16471
432	504	16484
433	500	16489
426	502	16497
432	494	16500
452	511	16513
461	518	16512
439	516	16480
418	508	16464
423	495	16481
427	497	16474
423	494	16465
432	503	16473
430	508	16472
425	497	16483
420	499	16491
413	497	16477
437	484	16495
455	479	16499
449	490	16486
440	503	16480
434	498	16464
448	497	16463
449	496	16461
450	489	16464
455	492	16476
439	492	16482
430	487	16480
433	474	16481
439	476	16477
442	492	16473
441	510	16465
435	517	16444
424	514	16446
415	522	16474
428	517	16486
435	503	16488
423	489	16485
427	492	16483
442	500	16485
441	500	16480
431	493	16477
439	493	16482
458	502	16484
453	517	16490
436	518	16494
432	504	16500
437	494	16503
432	492	16473
425	495	16463
432	489	16470
442	493	16470
454	496	16473
437	492	16473
426	497	16482
446	496	16470
433	483	16455
421	478	16458
438	477	16470
423	491	16478
421	499	16490
438	492	16490
445	491	16467
437	490	16467
424	492	16475
431	501	16467
431	497	16463
432	504	16471
440	503	16479
434	482	16481
423	491	16487
442	506	16493
451	494	16472
445	485	16454
446	488	16464
439	498	16492
435	491	16502
444	484	16497
451	496	16500
435	512	16490
427	512	16463
423	505	16454
428	517	16456
440	508	16462
451	496	16475
450	498	16486
447	503	16488
450	504	16486
444	503	16507
427	497	16500
429	486	16488
437	491	16476
430	500	16458
439	501	16462
441	502	16467
443	494	16477
459	488	16499
459	486	16490
435	481	16477
422	481	16480
420	476	16473
424	478	16479
424	502	16478
414	511	16473
415	503	16485
426	502	16494
425	493	16476
422	492	16469
430	493	16491
437	488	16487
435	491	16481
425	483	16479
425	496	16473
425	508	16469
431	497	16448
420	489	16461
421	492	16485
435	494	16494
428	493	16501
437	504	16494
434	506	16482
427	507	16487
433	506	16487
443	493	16480
445	488	16488
429	495	16482
428	493	16490
433	485	16485
437	493	16477
442	497	16489
425	485	16469
409	487	16448
429	496	16443
449	488	16446
448	487	16457
449	493	16466
446	489	16474
436	489	16489
442	483	16478
438	484	16459
425	499	16455
426	504	16458
420	484	16465
420	475	16470
425	480	16460
434	477	16448
436	479	16460
423	487	16489
430	484	16511
445	480	16505
449	498	16491
440	499	16479
422	497	16483
423	492	16480
428	487	16456
417	486	16457
416	476	16483
435	484	16495
436	501	16475
434	510	16472
453	499	16479
460	490	16474
458	501	16463
450	501	16456
427	487	16458
421	479	16471
438	484	16481
436	506	16471
428	511	16479
427	504	16489
419	498	16485
424	499	16476
443	504	16467
451	511	16461
446	504	16460
433	499	16480
446	510	16489
461	529	16481
458	523	16481
445	501	16469
437	490	16474
436	481	16478
425	478	16471
418	485	16479
433	483	16480
442	485	16487
434	504	16493
448	506	16479
453	512	16467
433	509	16465
428	502	16467
439	497	16472
445	487	16488
439	493	16500
433	493	16485
432	493	16479
417	496	16476
427	493	16469
441	508	16465
437	509	16455
440	491	16448
441	486	16474
433	493	16502
429	488	16510
439	496	16503
445	511	16491
441	511	16471
433	502	16445
425	497	16436
421	491	16444
431	494	16467
449	496	16486
463	493	16492
459	502	16501
430	502	16495
424	504	16474
442	505	16461
443	500	16449
439	503	16447
440	496	16471
450	496	16490
441	496	16485
430	485	16491
436	483	16492
429	501	16478
417	513	16465
426	499	16460
443	490	16463
452	485	16466
446	493	16479
432	498	16486
442	491	16480
443	494	16471
434	509	16471
439	519	16471
435	500	16467
427	499	16467
435	504	16455
441	497	16451
444	506	16463
448	502	16477
447	487	16487
437	491	16494
436	506	16488
447	498	16484
442	483	16484
437	480	16484
437	484	16483
443	489	16478
439	496	16491
432	505	16480
425	506	16451
432	501	16445
439	490	16455
439	487	16478
447	502	16495
451	509	16497
446	508	16490
434	503	16490
428	502	16490
441	516	16474
445	523	16471
440	513	16470
440	490	16477
438	487	16477
430	501	16470
427	497	16476
419	486	16471
417	492	16476
439	494	16487
447	492	16493
452	506	16508
448	513	16515
443	500	16507
444	485	16476
425	484	16460
423	497	16469
430	507	16459
438	503	16454
446	496	16469
442	507	16495
447	520	16507
452	506	16497
454	491	16481
443	497	16478
423	491	16476
421	480	16474
430	489	16474
431	494	16482
424	486	16501
428	484	16493
440	491	16492
450	497	16485
452	514	16453
447	511	16454
447	495	16481
454	498	16492
457	492	16491
453	484	16489
444	493	16494
437	502	16455
429	497	16415
408	501	16453
414	503	16479
439	491	16485
435	492	16497
419	495	16493
424	498	16484
433	500	16453
429	498	16443
423	501	16468
423	500	16474
431	499	16479
426	495	16503
446	495	16503
447	501	16478
427	511	16457
431	508	16454
429	492	16469
425	483	16489
427	482	16493
440	483	16491
435	480	16494
417	489	16471
426	501	16451
436	500	16456
445	492	16467
445	488	16484
431	487	16489
430	499	16467
425	509	16463
429	488	16474
430	473	16475
422	483	16472
419	491	16486
426	483	16500
429	492	16482
441	506	16468
459	494	16478
445	498	16488
437	493	16478
448	490	16472
445	500	16483
442	501	16483
431	505	16488
420	495	16486
427	494	16485
435	501	16489
445	501	16480
447	499	16483
433	493	16493
418	504	16483
411	516	16481
410	507	16490
413	505	16482
420	512	16473
435	502	16477
450	477	16481
456	465	16479
457	485	16507
452	493	16518
451	497	16504
458	500	16507
448	487	16496
444	498	16493
454	513	16503
445	494	16491
432	480	16464
430	486	16453
435	490	16463
427	499	16496
429	505	16509
446	504	16481
439	515	16468
407	514	16473
409	501	16470
424	484	16451
420	475	16448
431	475	16482
444	465	16499
455	480	16498
450	507	16507
423	516	16496
419	513	16459
428	504	16439
433	503	16456
438	498	16466
431	482	16477
435	476	16480
443	485	16477
421	492	16481
430	513	16480
440	520	16491
432	501	16502
439	499	16488
434	501	16457
428	500	16465
431	499	16490
438	509	16471
440	511	16452
444	502	16436
454	500	16432
447	493	16448
452	502	16456
453	502	16481
428	496	16509
411	494	16493
409	495	16458
417	508	16459
437	498	16473
452	497	16477
445	505	16465
446	490	16482
449	476	16491
446	473	16478
439	481	16489
427	500	16498
428	512	16496
437	514	16466
425	518	16464
414	520	16472
420	516	16465
440	506	16462
434	512	16467
433	502	16497
451	490	16486
438	500	16464
425	511	16495
434	515	16500
431	513	16458
428	508	16455
441	505	16471
454	505	16458
465	497	16456
455	499	16499
446	502	16510
444	513	16495
438	524	16498
433	510	16495
424	495	16482
413	490	16456
417	490	16457
427	490	16463
437	498	16473
448	488	16480
453	489	16475
433	492	16472
427	495	16489
443	506	16492
440	494	16490
438	496	16493
444	503	16481
434	506	16485
428	508	16472
433	496	16465
439	490	16470
440	506	16476
433	517	16484
443	515	16479
436	508	16478
427	498	16495
436	484	16503
435	481	16500
430	487	16506
435	489	16482
448	492	16456
445	492	16461
448	491	16468
467	502	16462
444	487	16464
436	480	16480
452	502	16506
452	493	16526
444	489	16514
430	494	16489
434	493	16474
428	486	16456
421	476	16452
441	487	16458
457	502	16477
461	504	16480
441	497	16449
430	506	16442
435	503	16441
431	494	16443
440	510	16463
443	506	16498
431	493	16490
419	499	16458
431	508	16456
441	509	16461
449	505	16472
444	501	16475
458	500	16491
479	492	16512
453	493	16497
431	502	16481
439	510	16486
446	502	16483
439	487	16478
445	500	16480
442	511	16484
437	499	16499
418	487	16501
419	490	16480
442	516	16472
437	516	16476
427	497	16485
429	498	16486
432	495	16474
421	495	16474
410	504	16497
412	500	16500
422	477	16489
420	478	16481
408	494	16469
421	499	16465
452	509	16455
452	507	16454
442	495	16470
452	479	16483
450	485	16488
436	499	16472
432	505	16464
433	514	16465
430	501	16468
417	484	16483
418	498	16496
426	498	16490
420	489	16478
420	497	16487
434	507	16485
453	512	16473
456	496	16487
450	493	16503
458	501	16499
459	500	16508
451	487	16488
442	486	16463
441	493	16472
437	491	16468
440	506	16469
442	516	16471
442	519	16471
449	511	16472
447	503	16467
426	495	16479
409	487	16485
420	491	16474
422	485	16467
417	492	16470
433	498	16490
443	503	16501
434	504	16489
436	490	16470
435	494	16462
431	506	16456
435	511	16455
443	504	16471
441	503	16479
429	506	16495
431	497	16488
429	497	16473
428	494	16479
447	477	16482
463	491	16480
462	500	16490
457	490	16499
452	502	16486
457	503	16481
455	493	16483
436	479	16484
438	480	16482
453	492	16471
453	491	16465
447	496	16468
440	508	16480
429	511	16486
437	493	16473
436	481	16467
425	494	16469
437	500	16475
441	484	16477
430	477	16474
433	478	16472
437	476	16467
436	496	16469
439	493	16485
433	498	16493
435	521	16488
430	513	16478
437	504	16475
453	500	16494
456	498	16485
448	494	16471
431	491	16485
438	490	16498
451	493	16480
433	491	16467
421	498	16476
423	512	16478
432	519	16473
447	511	16474
435	499	16466
446	502	16471
457	491	16494
443	486	16499
442	501	16503
437	506	16495
430	498	16485
428	504	16493
434	510	16489
430	497	16470
434	496	16457
450	488	16450
460	486	16466
466	500	16488
459	502	16485
447	504	16488
433	509	16497
414	515	16501
406	510	16482
415	496	16462
440	494	16463
453	493	16464
457	509	16467
479	516	16474
478	501	16478
451	502	16477
439	495	16477
441	499	16461
444	510	16459
439	500	16474
427	493	16474
422	495	16479
424	499	16484
443	508	16487
445	506	16483
433	499	16473
437	508	16473
451	504	16479
464	500	16479
456	509	16487
438	503	16489
432	493	16484
432	500	16478
439	504	16477
453	502	16475
450	510	16463
452	500	16476
459	487	16489
455	496	16479
436	506	16482
425	507	16482
421	503	16474
416	503	16483
428	504	16495
432	497	16502
439	490	16500
443	492	16499
435	496	16489
428	499	16470
424	497	16458
432	475	16464
431	480	16485
426	501	16498
439	503	16490
451	498	16486
445	486	16496
432	496	16474
425	508	16456
416	494	16461
424	494	16459
435	503	16483
434	497	16498
444	497	16496
449	494	16518
436	492	16521
440	503	16501
445	506	16485
427	503	16464
420	506	16468
434	503	16472
444	498	16458
433	496	16468
432	501	16483
430	504	16488
427	493	16502
429	490	16504
435	491	16489
438	498	16486
427	495	16481
426	498	16477
436	501	16461
454	488	16446
451	486	16460
423	480	16474
423	481	16490
430	499	16488
423	504	16487
440	499	16496
443	504	16469
437	507	16449
434	508	16461
416	502	16467
423	501	16455
428	505	16463
418	516	16480
426	519	16482
431	502	16481
449	497	16473
471	499	16470
457	502	16483
433	491	16487
419	492	16476
421	499	16461
426	487	16464
433	487	16461
443	486	16464
443	495	16475
442	493	16475
437	491	16483
427	497	16479
433	492	16472
446	484	16470
425	496	16454
417	510	16465
433	500	16481
451	490	16478
454	494	16479
430	502	16478
431	492	16508
458	491	16522
458	499	16492
434	497	16469
439	500	16463
457	506	16461
454	496	16454
439	496	16448
422	504	16455
421	496	16473
436	502	16482
441	512	16488
442	503	16498
437	481	16518
452	510	16577
437	502	16510
417	497	16397
430	529	16358
427	481	16375
442	497	16476
425	502	16527
417	488	16569
443	517	16587
430	513	16514
424	508	16433
432	499	16407
427	499	16423
433	503	16450
439	497	16487
435	501	16506
430	506	16503
443	509	16509
460	507	16505
453	499	16495
435	508	16492
435	513	16493
433	514	16488
416	512	16466
418	503	16449
434	509	16454
443	513	16470
447	509	16487
452	506	16503
450	496	16524
459	496	16532
472	499	16499
442	499	16473
440	508	16461
464	506	16386
458	491	16382
435	476	16493
452	499	16544
460	508	16583
416	492	16559
426	505	16470
436	495	16423
426	493	16395
438	516	16401
436	506	16441
433	495	16495
449	484	16512
453	490	16503
452	509	16486
450	504	16467
437	503	16480
433	503	16487
447	491	16462
436	484	16460
431	486	16476
442	508	16468
438	514	16462
443	515	16468
430	527	16493
429	509	16508
433	496	16496
426	499	16488
437	484	16474
442	492	16461
438	501	16454
426	504	16464
430	509	16481
444	502	16474
438	501	16466
431	501	16475
443	490	16481
446	485	16477
445	489	16490
455	486	16488
449	505	16478
437	496	16469
422	491	16464
418	517	16471
424	517	16466
429	513	16476
424	504	16479
429	499	16467
431	497	16474
425	487	16482
441	491	16472
456	493	16485
442	504	16500
430	531	16496
440	533	16482
447	512	16480
448	504	16496
445	497	16499
443	491	16504
438	499	16507
437	504	16483
441	510	16456
424	520	16464
431	511	16469
441	493	16467
426	494	16477
432	496	16487
432	500	16479
430	495	16455
438	509	16461
431	518	16476
423	513	16465
432	511	16464
451	508	16480
469	515	16480
451	498	16470
434	492	16476
431	495	16480
422	495	16469
419	506	16467
429	508	16474
439	498	16480
439	495	16493
428	493	16494
408	496	16491
409	492	16486
421	485	16471
424	483	16467
430	478	16461
442	501	16457
437	519	16468
446	513	16481
450	512	16497
441	503	16500
447	497	16490
439	499	16484
443	494	16477
451	492	16470
447	499	16466
446	502	16479
435	496	16494
429	504	16495
442	512	16498
437	506	16517
438	504	16520
452	513	16505
455	514	16490
438	498	16480
421	491	16478
437	499	16474
458	506	16483
450	511	16489
439	502	16489
442	497	16491
438	505	16488
444	500	16485
444	495	16481
436	504	16476
449	514	16479
450	517	16487
437	514	16484
437	503	16484
436	490	16487
445	493	16477
445	506	16478
440	503	16474
438	494	16467
436	499	16471
436	502	16471
438	499	16462
437	496	16458
433	478	16475
425	483	16490
427	489	16513
440	482	16516
447	491	16505
447	499	16514
437	480	16499
448	477	16474
463	495	16467
453	490	16467
442	498	16468
456	513	16482
446	512	16507
421	499	16504
425	488	16476
439	492	16473
439	497	16466
420	509	16460
413	503	16463
433	496	16466
452	503	16484
433	505	16495
425	509	16490
446	505	16488
436	499	16492
428	495	16477
436	492	16478
436	510	16472
434	506	16464
429	492	16468
428	496	16471
438	495	16485
432	490	16488
438	500	16504
453	509	16511
451	497	16499
441	498	16483
439	503	16467
454	501	16460
452	495	16467
441	491	16469
433	495	16468
431	499	16485
447	504	16498
458	505	16499
449	508	16493
437	502	16473
440	498	16459
437	509	16472
423	500	16475
421	477	16472
429	483	16474
428	503	16477
431	501	16481
451	512	16473
457	526	16481
456	513	16486
445	498	16479
430	505	16487
428	510	16479
430	502	16473
442	495	16483
449	496	16497
460	503	16505
464	492	16479
451	489	16482
446	499	16485
439	499	16471
435	493	16485
437	482	16482
439	481	16473
426	487	16464
432	498	16462
440	506	16468
423	502	16479
433	498	16487
443	505	16482
439	495	16469
443	483	16472
445	493	16471
424	496	16471
420	498	16480
443	501	16487
433	504	16502
429	511	16494
443	523	16475
458	509	16482
464	502	16483
455	505	16465
442	492	16462
438	494	16473
441	504	16464
436	511	16472
438	518	16493
433	514	16486
433	503	16482
444	501	16493
442	501	16482
447	495	16458
452	496	16464
439	503	16480
434	506	16495
442	515	16488
441	509	16469
436	496	16473
442	500	16479
449	503	16478
440	498	16472
432	497	16456
424	487	16462
425	496	16487
435	511	16488
440	496	16474
443	516	16494
436	515	16502
441	499	16482
453	501	16479
459	487	16467
451	490	16464
432	490	16471
418	484	16466
418	487	16474
438	502	16494
446	514	16506
443	506	16510
449	490	16487
446	495	16477
433	517	16476
419	525	16476
433	522	16488
442	505	16470
439	503	16460
449	494	16461
441	484	16469
431	502	16491
441	502	16501
442	497	16493
439	501	16479
439	507	16469
432	505	16455
430	499	16447
438	494	16453
447	496	16465
444	499	16484
440	492	16479
444	482	16476
447	479	16485
455	491	16476
444	500	16474
434	504	16488
438	507	16501
427	507	16503
416	499	16487
421	504	16479
438	518	16492
451	505	16491
468	490	16485
471	494	16485
463	485	16475
454	482	16468
447	490	16477
445	504	16487
437	521	16490
439	511	16493
445	502	16483
442	485	16471
454	487	16472
451	502	16474
435	502	16484
442	489	16482
447	480	16474
446	496	16487
438	496	16504
447	492	16500
454	505	16478
442	512	16463
445	502	16467
440	492	16467
420	490	16461
417	491	16463
429	501	16456
437	502	16458
441	501	16478
446	514	16494
457	498	16487
457	488	16473
452	493	16489
455	487	16487
453	482	16446
435	478	16435
431	503	16450
433	522	16466
428	523	16467
434	511	16453
438	504	16464
437	507	16493
438	493	16500
433	490	16474
423	510	16469
428	512	16469
439	507	16457
445	524	16472
439	525	16500
447	507	16512
444	495	16513
439	493	16520
445	503	16513
438	511	16507
440	504	16470
459	505	16457
472	495	16471
458	486	16467
447	490	16492
443	491	16509
431	499	16498
433	494	16477
437	482	16455
435	490	16457
438	505	16488
425	517	16502
421	525	16488
419	517	16492
409	500	16484
426	489	16461
448	479	16455
445	468	16437
439	464	16438
428	487	16485
438	508	16498
457	508	16482
453	530	16494
449	527	16500
444	506	16480
447	489	16468
441	473	16472
437	481	16451
426	501	16454
422	501	16488
435	497	16472
436	519	16480
430	525	16495
442	516	16454
455	517	16421
443	500	16421
446	476	16470
445	463	16522
439	474	16535
448	504	16495
445	514	16454
433	520	16425
425	530	16388
431	518	16406
442	489	16471
448	481	16524
459	487	16533
459	492	16513
469	492	16492
472	507	16470
453	519	16455
428	510	16454
416	508	16481
427	505	16513
433	493	16518
440	503	16485
440	502	16457
432	495	16451
442	500	16463
452	499	16485
443	503	16494
433	506	16500
423	501	16500
418	487	16481
424	471	16450
423	473	16446
427	494	16456
439	513	16453
447	517	16458
447	518	16484
449	508	16495
446	494	16499
436	491	16495
440	481	16475
439	487	16465
440	500	16469
444	506	16454
430	508	16443
426	508	16454
428	511	16473
438	506	16475
436	501	16483
427	501	16494
447	497	16481
454	496	16486
445	489	16487
444	484	16477
447	495	16465
445	503	16459
424	519	16477
419	518	16491
430	499	16492
441	485	16501
459	482	16511
455	505	16496
434	497	16479
444	493	16478
454	504	16460
442	504	16455
441	507	16459
435	508	16448
443	512	16448
445	513	16448
437	505	16458
443	499	16477
461	497	16478
460	505	16479
449	515	16471
442	508	16464
443	506	16461
448	505	16444
434	500	16446
426	495	16455
433	484	16476
437	486	16499
445	507	16488
451	511	16482
457	503	16487
461	511	16467
445	507	16457
434	497	16455
437	495	16450
429	499	16470
421	507	16488
440	504	16481
449	509	16461
451	527	16458
455	520	16461
454	509	16449
455	506	16440
449	493	16444
428	493	16446
412	500	16431
413	506	16424
423	507	16450
443	509	16525
425	488	16556
429	487	16478
456	505	16525
464	486	16597
470	460	16509
449	458	16493
447	491	16555
470	506	16564
460	496	16548
441	503	16532
442	506	16539
429	494	16560
430	484	16535
450	474	16501
454	464	16501
458	480	16489
458	495	16490
449	491	16497
442	502	16480
441	517	16464
448	523	16464
447	519	16472
435	499	16463
432	485	16468
440	485	16468
447	487	16455
454	492	16439
437	505	16431
423	501	16443
427	495	16452
427	497	16494
432	482	16518
423	475	16500
413	477	16491
416	491	16477
424	505	16468
416	499	16465
408	500	16447
416	500	16439
409	498	16435
403	506	16422
417	506	16429
416	501	16425
417	508	16407
437	503	16415
440	485	16429
439	494	16444
442	506	16449
440	509	16420
445	513	16388
423	504	16388
405	495	16421
435	498	16468
446	491	16506
448	483	16526
452	489	16541
444	490	16548
459	497	16522
460	517	16491
450	522	16499
459	501	16512
438	487	16488
417	493	16472
410	493	16477
423	491	16499
448	489	16523
443	490	16536
428	498	16549
423	486	16534
430	472	16518
448	487	16497
452	502	16475
440	507	16478
433	513	16477
440	516	16476
453	520	16470
447	526	16469
455	516	16499
479	503	16512
463	490	16511
440	483	16523
440	495	16495
433	492	16457
442	488	16454
470	502	16465
463	496	16476
439	491	16487
443	519	16490
457	527	16475
451	507	16454
444	496	16451
451	498	16462
439	495	16473
423	490	16485
431	505	16494
420	507	16504
421	504	16512
445	511	16517
447	492	16507
454	487	16503
446	484	16490
450	478	16477
450	495	16488
430	496	16486
422	493	16476
425	499	16484
433	503	16490
435	506	16484
433	502	16475
421	502	16449
421	508	16445
420	496	16436
423	486	16446
419	497	16481
418	514	16491
430	505	16498
435	494	16497
447	512	16481
440	523	16435
425	526	16402
422	534	16417
429	525	16444
428	518	16464
430	512	16497
434	510	16521
438	506	16525
444	495	16519
432	491	16509
425	494	16516
423	500	16518
423	493	16508
429	487	16488
430	500	16456
435	499	16446
465	493	16468
457	495	16480
425	483	16495
436	485	16506
443	490	16517
424	500	16504
411	506	16460
429	492	16453
452	499	16449
451	513	16455
449	505	16472
461	488	16479
458	493	16483
457	499	16467
452	497	16439
443	504	16435
442	509	16443
438	499	16443
440	481	16442
432	490	16455
433	491	16479
443	488	16494
455	500	16501
467	498	16495
459	496	16478
443	510	16453
439	521	16440
433	514	16447
423	503	16468
428	481	16475
429	473	16482
439	483	16510
442	489	16524
448	486	16518
458	491	16488
447	500	16474
420	495	16479
418	497	16476
439	496	16477
429	495	16482
422	502	16480
440	514	16482
438	520	16474
429	508	16472
434	502	16487
428	492	16476
432	490	16458
431	492	16451
428	492	16459
439	492	16468
431	492	16484
426	498	16502
437	496	16503
445	502	16487
433	508	16468
419	496	16448
426	489	16447
440	493	16464
434	501	16462
423	507	16480
427	504	16495
427	503	16497
432	505	16493
433	497	16473
434	495	16455
430	507	16458
424	514	16472
436	506	16486
441	514	16496
425	520	16492
419	498	16487
430	488	16480
433	491	16480
436	489	16501
448	494	16516
438	487	16495
428	494	16468
426	508	16456
428	512	16447
442	509	16454
448	504	16458
443	504	16453
441	484	16469
440	478	16506
417	472	16525
430	479	16512
448	493	16500
438	493	16497
434	503	16473
442	512	16448
440	520	16461
440	513	16482
437	495	16483
427	485	16467
428	489	16463
432	498	16456
433	501	16446
434	498	16445
437	499	16449
417	495	16461
418	489	16474
438	480	16486
445	475	16484
443	491	16468
447	504	16457
445	512	16460
431	513	16484
446	514	16500
454	496	16502
435	495	16508
428	513	16502
442	503	16489
452	500	16489
449	503	16486
425	508	16464
413	504	16463
421	503	16481
427	503	16495
443	497	16508
430	497	16502
428	507	16486
440	516	16472
424	515	16468
422	503	16471
421	490	16485
430	488	16498
441	483	16499
427	488	16482
421	500	16464
419	505	16462
425	498	16457
436	492	16458
449	502	16472
461	503	16491
452	497	16492
441	498	16489
449	493	16498
458	503	16484
450	512	16461
444	498	16457
446	481	16461
449	489	16485
448	503	16493
446	495	16501
453	491	16520
457	492	16510
446	500	16486
448	507	16457
450	503	16453
439	511	16466
428	504	16492
435	502	16513
450	513	16503
451	510	16492
453	494	16485
461	485	16460
436	507	16451
419	510	16452
437	500	16456
423	502	16477
419	500	16492
444	502	16473
438	487	16451
428	479	16450
427	507	16462
448	516	16477
461	496	16476
436	493	16485
420	504	16488
442	504	16471
454	494	16456
435	489	16469
438	496	16479
441	506	16501
438	502	16508
446	495	16482
453	496	16476
457	493	16486
450	498	16481
444	505	16473
442	507	16480
437	498	16511
447	495	16505
448	501	16483
439	499	16484
447	497	16479
454	489	16471
449	483	16463
438	485	16479
436	495	16482
449	493	16474
456	499	16483
435	513	16471
422	511	16457
428	502	16459
441	495	16446
439	505	16464
431	493	16494
439	491	16512
446	497	16513
445	497	16491
430	501	16476
430	503	16470
428	510	16466
427	515	16475
439	513	16477
441	497	16467
445	494	16473
439	497	16490
420	497	16475
412	494	16463
425	492	16475
434	509	16467
430	523	16453
440	523	16445
435	518	16472
423	511	16502
421	506	16484
422	509	16474
434	510	16480
442	500	16484
437	492	16492
432	493	16494
438	490	16490
437	492	16481
422	501	16464
434	500	16463
451	497	16476
445	496	16487
448	489	16502
447	494	16505
447	499	16487
449	501	16466
424	509	16453
423	503	16446
432	493	16456
417	497	16456
427	492	16474
429	488	16522
434	502	16522
460	517	16499
463	505	16472
450	484	16459
438	493	16456
422	509	16454
422	507	16458
430	490	16464
437	483	16482
449	495	16509
459	508	16515
459	505	16499
454	508	16488
443	509	16481
443	514	16468
447	515	16456
419	505	16452
419	499	16457
435	498	16471
434	514	16481
446	517	16501
441	487	16514
425	479	16514
438	498	16502
462	509	16484
460	501	16470
451	497	16455
440	496	16458
431	500	16451
428	508	16441
426	500	16446
414	508	16446
403	510	16457
418	494	16464
436	501	16473
441	506	16504
443	498	16524
444	491	16518
429	491	16497
422	484	16475
416	486	16457
418	507	16455
430	512	16465
449	504	16473
460	498	16475
452	497	16479
439	490	16504
443	486	16505
451	495	16477
435	500	16461
420	507	16464
430	511	16460
437	513	16469
434	506	16494
430	498	16494
438	511	16503
439	512	16501
444	506	16495
457	496	16487
445	498	16458
427	523	16456
431	518	16462
440	503	16466
434	509	16485
434	502	16500
437	486	16497
443	486	16483
448	492	16480
461	493	16479
452	509	16471
431	519	16459
427	512	16454
433	498	16468
453	500	16475
436	500	16474
423	490	16471
454	509	16481
446	511	16499
422	505	16506
431	513	16503
436	502	16496
429	494	16476
424	488	16454
431	493	16456
448	502	16453
454	500	16450
438	492	16473
429	492	16482
444	510	16479
446	514	16479
437	507	16468
430	506	16460
425	509	16451
437	499	16473
439	485	16490
445	504	16479
448	522	16484
432	524	16485
428	505	16485
427	496	16479
433	502	16475
427	495	16481
426	481	16464
437	475	16454
422	486	16462
439	487	16457
450	498	16465
433	508	16474
439	495	16460
440	483	16454
444	501	16467
444	511	16477
441	504	16473
443	497	16469
436	492	16449
428	496	16449
428	514	16465
426	526	16473
427	514	16478
428	511	16470
421	506	16474
436	497	16502
450	496	16513
445	483	16501
449	489	16485
437	499	16479
426	493	16491
439	498	16491
453	513	16471
459	512	16457
450	503	16464
450	503	16465
452	492	16461
449	498	16456
452	511	16453
442	501	16461
427	507	16468
419	507	16476
426	502	16468
431	505	16465
427	498	16481
